[[0.         0.24176836 0.89417683 ... 0.37702876 0.1088064  0.32216237]
 [0.24176836 0.         1.08601781 ... 0.42253887 0.13420902 0.41203647]
 [0.89417683 1.08601781 0.         ... 0.744795   0.96979874 0.70550771]
 ...
 [0.37702876 0.42253887 0.744795   ... 0.         0.36738486 0.08062208]
 [0.1088064  0.13420902 0.96979874 ... 0.36738486 0.         0.33335895]
 [0.32216237 0.41203647 0.70550771 ... 0.08062208 0.33335895 0.        ]]
[[0.         0.35189886 0.47657609 ... 0.28093781 0.69081375 0.66660132]
 [0.35189886 0.         0.81830272 ... 0.58579408 0.40751668 0.34446779]
 [0.47657609 0.81830272 0.         ... 0.25800492 1.08269852 1.09230709]
 ...
 [0.28093781 0.58579408 0.25800492 ... 0.         0.82501021 0.83823636]
 [0.69081375 0.40751668 1.08269852 ... 0.82501021 0.         0.11963145]
 [0.66660132 0.34446779 1.09230709 ... 0.83823636 0.11963145 0.        ]]
